Objective function value: 2.0035249221538576E8
Fhat:
	 104	165	3036	54	115292	11	12	16	492	21	184	8	7	33	36	10211	82	65	83	116	
t0: 	0.525 	0.535 	0.079 	0.554 	0.124 	0.675 	0.643 	0.643 	0.438 	0.535 	0.187 	0.961 	0.961 	0.286 	0.276 	0.081 	0.535 	0.535 	0.535 	0.187 	
t1: 	0.506 	0.521 	0.111 	0.551 	0.11  	0.618 	0.608 	0.608 	0.496 	0.521 	0.147 	0.973 	0.973 	0.355 	0.292 	0.119 	0.521 	0.521 	0.521 	0.147 	
t2: 	0.582 	0.622 	0.178 	0.632 	0.256 	0.711 	0.701 	0.701 	0.558 	0.622 	0.143 	0.965 	0.965 	0.254 	0.188 	0.113 	0.622 	0.622 	0.622 	0.143 	
t3: 	0.687 	0.697 	0.172 	0.709 	0.191 	0.763 	0.728 	0.728 	0.647 	0.697 	0.121 	0.963 	0.963 	0.201 	0.182 	0.324 	0.697 	0.697 	0.697 	0.121 	
t4: 	0.528 	0.538 	0.1   	0.586 	0.089 	0.633 	0.623 	0.623 	0.371 	0.538 	0.211 	0.977 	0.977 	0.343 	0.27  	0.06  	0.538 	0.538 	0.538 	0.211 	
t5: 	0.53  	0.54  	0.103 	0.573 	0.143 	0.684 	0.674 	0.674 	0.477 	0.54  	0.172 	0.965 	0.965 	0.281 	0.236 	0.152 	0.54  	0.54  	0.54  	0.172 	
t6: 	0.417 	0.521 	0.225 	0.573 	0.065 	0.591 	0.573 	0.573 	0.392 	0.521 	0.219 	0.966 	0.966 	0.376 	0.292 	0.06  	0.521 	0.521 	0.521 	0.219 	
t7: 	0.437 	0.514 	0.055 	0.6   	0.127 	0.657 	0.6   	0.6   	0.365 	0.514 	0.177 	0.999 	0.999 	0.342 	0.332 	0.052 	0.514 	0.514 	0.514 	0.177 	
t8: 	0.645 	0.655 	0.149 	0.708 	0.121 	0.762 	0.708 	0.708 	0.564 	0.655 	0.143 	0.983 	0.983 	0.22  	0.22  	0.147 	0.655 	0.655 	0.655 	0.143 	
t9: 	0.475 	0.572 	0.133 	0.642 	0.099 	0.72  	0.642 	0.642 	0.475 	0.572 	0.157 	0.976 	0.976 	0.256 	0.256 	0.219 	0.572 	0.572 	0.572 	0.157 	

U:
	 104	165	3036	54	115292	11	12	16	492	21	184	8	7	33	36	10211	82	65	83	116	
t0: 	0.086 	0     	0.079 	0.02  	0.124 	0.032 	0.088 	0     	0.045 	0     	0     	0     	0     	0.01  	0.197 	0.081 	0     	0     	0.01  	0.187 	
t1: 	0.01  	0     	0.111 	0.03  	0.11  	0.01  	0.057 	0     	0.119 	0     	0     	0     	0     	0.064 	0.181 	0.119 	0     	0     	0.016 	0.147 	
t2: 	0.024 	0     	0.178 	0.01  	0.256 	0.01  	0.069 	0     	0.046 	0     	0     	0     	0     	0.066 	0.01  	0.113 	0     	0     	0.04  	0.143 	
t3: 	0.04  	0     	0.172 	0.012 	0.191 	0.035 	0.019 	0     	0.01  	0     	0     	0     	0     	0.019 	0.01  	0.324 	0     	0     	0.01  	0.121 	
t4: 	0.157 	0     	0.1   	0.048 	0.089 	0.01  	0.038 	0     	0.01  	0     	0     	0     	0     	0.073 	0.17  	0.06  	0     	0     	0.01  	0.211 	
t5: 	0.054 	0     	0.103 	0.033 	0.143 	0.01  	0.101 	0     	0.01  	0     	0     	0     	0     	0.045 	0.133 	0.152 	0     	0     	0.01  	0.172 	
t6: 	0.025 	0     	0.225 	0.052 	0.065 	0.018 	0     	0     	0.047 	0     	0     	0     	0     	0.083 	0.067 	0.06  	0     	0     	0.104 	0.219 	
t7: 	0.072 	0     	0.055 	0.086 	0.127 	0.057 	0     	0     	0.01  	0     	0     	0     	0     	0.01  	0.277 	0.052 	0     	0     	0.077 	0.177 	
t8: 	0.08  	0     	0.149 	0.053 	0.121 	0.055 	0     	0     	0.152 	0     	0     	0     	0     	0     	0.071 	0.147 	0     	0     	0.01  	0.143 	
t9: 	0     	0     	0.133 	0.07  	0.099 	0.078 	0     	0     	0     	0     	0     	0     	0     	0     	0.123 	0.219 	0     	0     	0.097 	0.157 	

tmin: 0 0 0 0 0 0 0 0 0 0 0 0 0 0 0 0 0 0 0 0
tmax: 9 0 10 10 10 10 6 0 9 0 0 0 0 8 10 10 0 0 10 10

Tree:
0: (0,8) 
1: (1,18) 
2: 
3: (3,9) 
4: 
5: (5,7) 
6: (6,3) 
7: (7,6) 
8: (8,4) (8,10) (8,15) 
9: (9,17) 
10: (10,19) 
11: (11,12) 
12: (12,5) (12,13) 
13: (13,14) 
14: (14,2) 
15: 
16: (16,1) 
17: (17,16) 
18: (18,0) 
19: 
