	 18403	0	61514_26964_21987_7918_57171_5027_12754	190_368_203_92952	167_147_2_15_43_123	27552_535_284	224_913_1869_339	5_35	
t0: 	0     	0     	0.233 	0.144 	0.083 	0.052 	0.01  	0.452 	
t1: 	0.027 	0     	0.283 	0.11  	0.095 	0.061 	0     	0.421 	
t2: 	0.011 	0     	0.365 	0.124 	0     	0.05  	0     	0.414 	
t3: 	0.107 	0     	0.43  	0.103 	0     	0.037 	0     	0.311 	
t4: 	0.069 	0     	0.378 	0.151 	0     	0.032 	0     	0.357 	
t5: 	0     	0     	0.438 	0.1   	0     	0.066 	0     	0.362 	

1,4
1,7
4,3
4,6
6,0
6,2
6,5